../../.git/annex/objects/XV/kz/MD5E-s490080--b439ff660888c9e273b768583eb6fa41.tsv/MD5E-s490080--b439ff660888c9e273b768583eb6fa41.tsv